
image_width: 752
image_height: 480
camera_name: mv_26803584
camera_matrix:
  rows: 3
  cols: 3
  data: [479.892523, 0.000000, 352.110236, 0.000000, 476.791753, 221.318948, 0.000000, 0.000000, 1.000000]
distortion_model: plumb_bob
distortion_coefficients:
  rows: 1
  cols: 5
  data: [-0.328681, 0.114989, 0.002338, 0.001186, 0.000000]
rectification_matrix:
  rows: 3
  cols: 3
  data: [1.000000, 0.000000, 0.000000, 0.000000, 1.000000, 0.000000, 0.000000, 0.000000, 1.000000]
projection_matrix:
  rows: 3
  cols: 4
  data: [378.342651, 0.000000, 345.906180, 0.000000, 0.000000, 432.251007, 218.208073, 0.000000, 0.000000, 0.000000, 1.000000, 0.000000]






image_width: 1280
image_height: 960
camera_name: mv_30000337
camera_matrix:
  rows: 3
  cols: 3
  data: [683.059088, 0.000000, 627.848793, 0.000000, 680.207225, 455.074520, 0.000000, 0.000000, 1.000000]
distortion_model: plumb_bob
distortion_coefficients:
  rows: 1
  cols: 5
  data: [-0.301021, 0.069878, 0.001215, 0.001478, 0.000000]
rectification_matrix:
  rows: 3
  cols: 3
  data: [1.000000, 0.000000, 0.000000, 0.000000, 1.000000, 0.000000, 0.000000, 0.000000, 1.000000]
projection_matrix:
  rows: 3
  cols: 4
  data: [485.004883, 0.000000, 632.671979, 0.000000, 0.000000, 551.729858, 443.681943, 0.000000, 0.000000, 0.000000, 1.000000, 0.000000]
